1.100000000000000000e+02 -1.467394860287945905e-02 9.915942647048525942e-05
1.100250000000000057e+02 -1.536971641097223396e-02 9.845929601844466091e-05
1.100500000000000114e+02 -1.542901220488394204e-02 9.539206972082713151e-05
1.100750000000000171e+02 -1.484492962629031972e-02 9.004114517023331123e-05
1.101000000000000227e+02 -1.364291096409887306e-02 8.260337644213817140e-05
1.101250000000000284e+02 -1.187945997452269191e-02 7.337912802832354182e-05
1.101500000000000341e+02 -9.639289363153401985e-03 6.275712224877766550e-05
1.101750000000000398e+02 -7.031047066287009206e-03 5.119484693852029725e-05
1.102000000000000455e+02 -4.181837072656828351e-03 3.919551332690445465e-05
1.102250000000000512e+02 -1.230811239879694291e-03 2.728272713694704284e-05
1.102500000000000568e+02 1.677844675651314361e-03 1.597415032650257842e-05
1.102750000000000625e+02 4.402177094907124000e-03 5.755480875771188316e-06
1.103000000000000682e+02 6.809616490522901050e-03 -2.943938901592349483e-06
1.103250000000000739e+02 8.783654590934731818e-03 -9.772657971091928221e-06
1.103500000000000796e+02 1.022971045385430433e-02 -1.447471326231838668e-05
1.103750000000000853e+02 1.107988991057442738e-02 -1.690240373072442146e-05
1.104000000000000909e+02 1.129639873005402854e-02 -1.702360162988893295e-05
1.104250000000000966e+02 1.087343776635731583e-02 -1.492323644234583631e-05
1.104500000000001023e+02 9.837484908734981867e-03 -1.079888071068080334e-05
1.104750000000001080e+02 8.245949989679569880e-03 -4.950664159798183704e-06
1.105000000000001137e+02 6.184270821740768705e-03 2.233971943790327578e-06
1.105250000000001194e+02 3.761597094591724415e-03 1.029990868208891156e-05
1.105500000000001251e+02 1.105280010669466764e-03 1.874737958562865115e-05
1.105750000000001307e+02 -1.645554313965392340e-03 2.705723449682579496e-05
1.106000000000001364e+02 -4.347023536134339387e-03 3.471716301228075025e-05
1.106250000000001421e+02 -6.857745940818158782e-03 4.124755584951980702e-05
1.106500000000001478e+02 -9.045969621406874800e-03 4.622570161388273377e-05
1.106750000000001535e+02 -1.079621465947746932e-02 4.930710117818081775e-05
1.107000000000001592e+02 -1.201509360745000102e-02 5.024282790549267438e-05
1.107250000000001648e+02 -1.263601707138873806e-02 4.889206185616405627e-05
1.107500000000001705e+02 -1.262254745490062890e-02 4.522916981428304762e-05
1.107750000000001762e+02 -1.197023211903313136e-02 3.934497814011433009e-05
1.108000000000001819e+02 -1.070682389749092432e-02 3.144217821982807056e-05
1.108250000000001876e+02 -8.890878213850920975e-03 2.182509989054338929e-05
1.108500000000001933e+02 -6.608797878600431580e-03 1.088437175851573016e-05
1.108750000000001990e+02 -3.970474873690096711e-03 -9.227554473975123902e-07
1.109000000000002046e+02 -1.103749118597537396e-03 -1.309542841107278369e-05
1.109250000000002103e+02 1.852036206726811931e-03 -2.511439184759288687e-05
1.109500000000002160e+02 4.753057730941709705e-03 -3.646809931779202476e-05
1.109750000000002217e+02 7.458259220238740508e-03 -4.667841836074418269e-05
1.110000000000002274e+02 9.836457810808656166e-03 -5.532463538749565681e-05
1.110250000000002331e+02 1.177295098289974674e-02 -6.206455230224489365e-05
1.110500000000002387e+02 1.317529136072542739e-02 -6.665161413153484744e-05
1.110750000000002444e+02 1.397793844389256385e-02 -6.894720759115046229e-05
1.111000000000002501e+02 1.414555305065338421e-02 -6.892751435630971367e-05
1.111250000000002558e+02 1.367476872125266037e-02 -6.668457751810725738e-05
1.111500000000002615e+02 1.259435113695155442e-02 -6.242153144122176284e-05
1.111750000000002672e+02 1.096373788373802144e-02 -5.644223928248749347e-05
1.112000000000002728e+02 8.870032531446827434e-03 -4.913586397240095587e-05
1.112250000000002785e+02 6.423604893877188707e-03 -4.095715332850620373e-05
1.112500000000002842e+02 3.752519557890948883e-03 -3.240343533597819136e-05
1.112750000000002899e+02 9.960737815870328218e-04 -2.398948468576675864e-05
1.113000000000002956e+02 -1.702229308587379589e-03 -1.622152810522619530e-05
1.113250000000003013e+02 -4.201917900961225222e-03 -9.571698549642752222e-06
1.113500000000003070e+02 -6.372634216462799359e-03 -4.454224828395047188e-06
1.113750000000003126e+02 -8.100705783477483990e-03 -1.204554950375476080e-06
1.114000000000003183e+02 -9.294874152047726684e-03 -6.246289062009281571e-08
1.114250000000003240e+02 -9.890892474026601044e-03 -1.159987102114950546e-06
1.114500000000003297e+02 -9.854760456372194111e-03 -4.514805144955810169e-06
1.114750000000003354e+02 -9.184433931090080563e-03 -1.002937454842995017e-05
1.115000000000003411e+02 -7.909923210106035996e-03 -1.749587933765271551e-05
1.115250000000003467e+02 -6.091775627293461760e-03 -2.660672917348140396e-05
1.115500000000003524e+02 -3.818019117289698974e-03 -3.697007851641258963e-05
1.115750000000003581e+02 -1.199721236362266078e-03 -4.812958070342709596e-05
1.116000000000003638e+02 1.634612214316753277e-03 -5.958737902456928226e-05
1.116250000000003695e+02 4.545516361885416912e-03 -7.082917449514836096e-05
1.116500000000003752e+02 7.389597447718474627e-03 -8.135010618388964195e-05
1.116750000000003809e+02 1.002675954113261582e-02 -9.068013987689282993e-05
1.117000000000003865e+02 1.232726346918806143e-02 -9.840768649398722089e-05
1.117250000000003922e+02 1.417826218969470316e-02 -1.042002617104197457e-04
1.117500000000003979e+02 1.548948330452393912e-02 -1.078211480752655602e-04
1.117750000000004036e+02 1.619777247302011530e-02 -1.091412229877087057e-04
1.118000000000004093e+02 1.627026896673318748e-02 -1.081453599651167441e-04
1.118250000000004150e+02 1.570605360578238713e-02 -1.049330844005271418e-04
1.118500000000004206e+02 1.453618635388046962e-02 -9.971345464232798852e-05
1.118750000000004263e+02 1.282213203803125867e-02 -9.279443014811637822e-05
1.119000000000004320e+02 1.065265390723507156e-02 -8.456726598711929827e-05
1.119250000000004377e+02 8.139331956520237665e-03 -7.548672315974622583e-05
1.119500000000004434e+02 5.410932227396011117e-03 -6.604809443588996378e-05
1.119750000000004491e+02 2.606911162764465918e-03 -5.676220516902742746e-05
1.120000000000004547e+02 -1.296173708752490798e-04 -4.812964977025238009e-05
1.120250000000004604e+02 -2.659097769575594246e-03 -4.061556218615364438e-05
1.120500000000004661e+02 -4.852567331744639043e-03 -3.462619095451813152e-05
1.120750000000004718e+02 -6.598155303973927271e-03 -3.048845766159728277e-05
1.121000000000004775e+02 -7.806718861494654944e-03 -2.843352654121661025e-05
1.121250000000004832e+02 -8.416332128548403152e-03 -2.858521021737359704e-05
1.121500000000004889e+02 -8.395402220883701680e-03 -3.095379241899017328e-05
1.121750000000004945e+02 -7.744255549145194831e-03 -3.543557522897526732e-05
1.122000000000005002e+02 -6.495114764821065603e-03 -4.181816985990408796e-05
1.122250000000005059e+02 -4.710467869228780399e-03 -4.979126060236662940e-05
1.122500000000005116e+02 -2.479912050188720282e-03 -5.896229606620263688e-05
1.122750000000005173e+02 8.436832463176030528e-05 -6.887631399372768867e-05
1.123000000000005230e+02 2.853261317668432089e-03 -7.903889821902512997e-05
1.123250000000005286e+02 5.687239103538788837e-03 -8.894110924244222815e-05
1.123500000000005343e+02 8.443393306204853566e-03 -9.808513123417494201e-05
1.123750000000005400e+02 1.098263925190188714e-02 -1.060093430363681855e-04
1.124000000000005457e+02 1.317672596312682159e-02 -1.123115506047751144e-04
1.124250000000005514e+02 1.491469859149592223e-02 -1.166692117857909619e-04
1.124500000000005571e+02 1.610848766616721633e-02 -1.188556366228484993e-04
1.124750000000005627e+02 1.669734362053528626e-02 -1.187513497787619189e-04
1.125000000000005684e+02 1.665089332722904589e-02 -1.163500459183661510e-04
1.125250000000005741e+02 1.597066487993856199e-02 -1.117588416482897412e-04
1.125500000000005798e+02 1.469000410412892553e-02 -1.051928151089512878e-04
1.125750000000005855e+02 1.287238736193840362e-02 -9.696411208535018567e-05
1.126000000000005912e+02 1.060821605179569291e-02 -8.746617101747571294e-05
1.126250000000005969e+02 8.010254715740358980e-03 -7.715386481014093703e-05
1.126500000000006025e+02 5.207943001631299730e-03 -6.652056249728921890e-05
1.126750000000006082e+02 2.340868440593337277e-03 -5.607326831158577552e-05
1.127000000000006139e+02 -4.482707638418709012e-04 -4.630709178575359439e-05
1.127250000000006196e+02 -3.020858105107206756e-03 -3.768033537980986641e-05
1.127500000000006253e+02 -5.249343729619481216e-03 -3.059145416350634184e-05
1.127750000000006310e+02 -7.023669942857534848e-03 -2.535904694384736788e-05
1.128000000000006366e+02 -8.256813506687943338e-03 -2.220588475078704292e-05
1.128250000000006423e+02 -8.889165559838367592e-03 -2.124777854479868619e-05
1.128500000000006480e+02 -8.891528646058462909e-03 -2.248784369791719743e-05
1.128750000000006537e+02 -8.266580089354252231e-03 -2.581644657659743630e-05
1.129000000000006594e+02 -7.048728294320836564e-03 -3.101683212331848844e-05
1.129250000000006651e+02 -5.302369571960695305e-03 -3.777614515851429003e-05
1.129500000000006708e+02 -3.118633712733631658e-03 -4.570128660935818298e-05
1.129750000000006764e+02 -6.107826851438624693e-04 -5.433880267744140751e-05
1.130000000000006821e+02 2.091505307716910126e-03 -6.319780234008282580e-05
1.130250000000006878e+02 4.848678048090513705e-03 -7.177474668340585496e-05
1.130500000000006935e+02 7.518347848894054754e-03 -7.957886004719592562e-05
1.130750000000006992e+02 9.962471528668690943e-03 -8.615688245963159272e-05
1.131000000000007049e+02 1.205430986987538790e-02 -9.111591687403288473e-05
1.131250000000007105e+02 1.368481580970821489e-02 -9.414322151631274898e-05
1.131500000000007162e+02 1.476812948526791403e-02 -9.502195230417855866e-05
1.131750000000007219e+02 1.524590334599293905e-02 -9.364206496864525950e-05
1.132000000000007276e+02 1.509023957885375321e-02 -9.000583086436234027e-05
1.132250000000007333e+02 1.430509208761789053e-02 -8.422769214645933332e-05
1.132500000000007390e+02 1.292606269562295539e-02 -7.652846732884146044e-05
1.132750000000007446e+02 1.101860219771405407e-02 -6.722420282777697256e-05
1.133000000000007503e+02 8.674707289640339741e-03 -5.671023560810404190e-05
1.133250000000007560e+02 6.008280199814589745e-03 -4.544127291346966292e-05
1.133500000000007617e+02 3.149385219195266743e-03 -3.390849516910127338e-05
1.133750000000007674e+02 2.376918762622845733e-04 -2.261483743527486668e-05
1.134000000000007731e+02 -2.584564562022698478e-03 -1.204969578442929659e-05
1.134250000000007788e+02 -5.179750325656962660e-03 -2.664333116443495767e-06
1.134500000000007844e+02 -7.421766815503265391e-03 5.150777145509205168e-06
1.134750000000007901e+02 -9.202401270241253664e-03 1.108552948188376083e-05
1.135000000000007958e+02 -1.043677444506858898e-02 1.492570262208398381e-05
1.135250000000008015e+02 -1.106761090729969227e-02 1.656363488606344428e-05
1.135500000000008072e+02 -1.106811696166627376e-02 1.600352398400028877e-05
1.135750000000008129e+02 -1.044332144919239008e-02 1.336108787107931237e-05
1.136000000000008185e+02 -9.229812175757121095e-03 8.857607500982538109e-06
1.136250000000008242e+02 -7.493881611064905253e-03 2.808655312451796779e-06
1.136500000000008299e+02 -5.328175678039662709e-03 -4.391919204043584961e-06
1.136750000000008356e+02 -2.847014885105580550e-03 -1.229193696979562457e-05
1.137000000000008413e+02 -1.806239384862365132e-04 -2.040376232578897542e-05
1.137250000000008470e+02 2.531439061238732746e-03 -2.822894738704123790e-05
1.137500000000008527e+02 5.147322452334542400e-03 -3.528340508072307541e-05
1.137750000000008583e+02 7.530034919856493612e-03 -4.112184238072158894e-05
1.138000000000008640e+02 9.554352851354620813e-03 -4.536022336470107676e-05
1.138250000000008697e+02 1.111313302022664748e-02 -4.769513177135044661e-05
1.138500000000008754e+02 1.212271252822120886e-02 -4.791905966807738390e-05
1.138750000000008811e+02 1.252712401599592566e-02 -4.593085470677048992e-05
1.139000000000008868e+02 1.230091392795370706e-02 -4.174080283178280076e-05
1.139250000000008924e+02 1.145042207857651685e-02 -3.547009389289261744e-05
1.139500000000008981e+02 1.001345835818457514e-02 -2.734470074051526014e-05
1.139750000000009038e+02 8.057393223857253414e-03 -1.768398378569549574e-05
1.140000000000009095e+02 5.675758572355346643e-03 -6.884598505817538509e-06
1.140250000000009152e+02 2.983530656230898043e-03 4.599480385957554723e-06
1.140500000000009209e+02 1.113330996826467122e-04 1.627980930158123669e-05
1.140750000000009265e+02 -2.801147548191200258e-03 2.765804771955310672e-05
1.141000000000009322e+02 -5.612201656276591052e-03 3.825101278862496674e-05
1.141250000000009379e+02 -8.185236802183120525e-03 4.761495417816379694e-05
1.141500000000009436e+02 -1.039565857710911083e-02 5.536782686396934374e-05
1.141750000000009493e+02 -1.213714512963942962e-02 6.120844119688485373e-05
1.142000000000009550e+02 -1.332699930841620660e-02 6.493152764695026729e-05
1.142250000000009607e+02 -1.391030882735382057e-02 6.643796004279270125e-05
1.142500000000009663e+02 -1.386270501894873615e-02 6.573962551495333973e-05
1.142750000000009720e+02 -1.319158142654750475e-02 6.295869936420350115e-05
1.143000000000009777e+02 -1.193571115016726913e-02 5.832136508661693656e-05
1.143250000000009834e+02 -1.016328258620289790e-02 5.214629958206807469e-05
1.143500000000009891e+02 -7.968452919465613890e-03 4.482850707996314111e-05
1.143750000000009948e+02 -5.466593418398184648e-03 3.681931923309639975e-05
1.144000000000010004e+02 -2.788466487189326069e-03 2.860357143030792183e-05
1.144250000000010061e+02 -7.362822185431167586e-05 2.067510696510467571e-05
1.144500000000010118e+02 2.536610807593940847e-03 1.351184417762385460e-05
1.144750000000010175e+02 4.906311631514865580e-03 7.551662892946202414e-06
1.145000000000010232e+02 6.911760593617286702e-03 3.170324385261398815e-06
1.145250000000010289e+02 8.447705291779850079e-03 6.625358610953190226e-07
1.145500000000010346e+02 9.432658550831828081e-03 2.271113200101291879e-07
1.145750000000010402e+02 9.813003276842856629e-03 1.956973674408175086e-06
1.146000000000010459e+02 9.565691543568923677e-03 5.834498635888657018e-06
1.146250000000010516e+02 8.699402166011938747e-03 1.173243146190414519e-05
1.146500000000010573e+02 7.254098747154998951e-03 1.942032675752863811e-05
1.146750000000010630e+02 5.299010822450183310e-03 2.857618334620283605e-05
1.147000000000010687e+02 2.929140207001187240e-03 3.880268471736754779e-05
1.147250000000010743e+02 2.604689668999101001e-04 4.964722394944454743e-05
1.147500000000010800e+02 -2.575889156425055244e-03 6.062470188501502797e-05
1.147750000000010857e+02 -5.440298836251666534e-03 7.124194830026724145e-05
1.148000000000010914e+02 -8.191641411800015468e-03 8.102253479235089074e-05
1.148250000000010971e+02 -1.069442643816349847e-02 8.953072918632951408e-05
1.148500000000011028e+02 -1.282561805496393141e-02 9.639338532284095985e-05
1.148750000000011084e+02 -1.448083214671198188e-02 1.013186668735002364e-04
1.149000000000011141e+02 -1.557959205851943904e-02 1.041106640490948774e-04
1.149250000000011198e+02 -1.606937815329412961e-02 1.046791695647900571e-04
1.149500000000011255e+02 -1.592826735172890237e-02 1.030441245690400583e-04
1.149750000000011312e+02 -1.516602991407338397e-02 9.933451405764693535e-05
1.150000000000011369e+02 -1.382362851581857809e-02 9.378177105365109181e-05
1.150250000000011426e+02 -1.197114521537212366e-02 8.670802541982399847e-05
1.150500000000011482e+02 -9.704241149839063635e-03 7.850979264957793561e-05
1.150750000000011539e+02 -7.139327731616547726e-03 6.963792731549417892e-05
1.151000000000011596e+02 -4.407693027646933208e-03 6.057485348390595844e-05
1.151250000000011653e+02 -1.648879615351198178e-03 5.181022091933597316e-05
1.151500000000011710e+02 9.963521251522243494e-04 4.381621445515747814e-05
1.151750000000011767e+02 3.393120498953858168e-03 3.702376058400716724e-05
1.152000000000011823e+02 5.419221044643372440e-03 3.180082930573562228e-05
1.152250000000011880e+02 6.971284518903012907e-03 2.843392294664887277e-05
1.152500000000011937e+02 7.969984056034851508e-03 2.711368240376621830e-05
1.152750000000011994e+02 8.364029235766257467e-03 2.792533324466138281e-05
1.153000000000012051e+02 8.132745996744886532e-03 3.084444980789611488e-05
1.153250000000012108e+02 7.287112658784247743e-03 3.573824724529520332e-05
1.153500000000012164e+02 5.869200166495419646e-03 4.237233282832588756e-05
1.153750000000012221e+02 3.950045115154905695e-03 5.042257287062383542e-05
1.154000000000012278e+02 1.626063110764920964e-03 5.949147414531601028e-05
1.154250000000012335e+02 -9.858164310294621584e-04 6.912825162836750857e-05
1.154500000000012392e+02 -3.754048534473346070e-03 7.885156924931635287e-05
1.154750000000012449e+02 -6.539106430274803025e-03 8.817380632294031248e-05
1.155000000000012506e+02 -9.200516297636709279e-03 9.662562622268277624e-05
1.155250000000012562e+02 -1.160393830104898896e-02 1.037796094289075228e-04
1.155500000000012619e+02 -1.362793698428240233e-02 1.092717610114514378e-04
1.155750000000012676e+02 -1.517009981957977843e-02 1.128198104632026312e-04
1.156000000000012733e+02 -1.615219564069916847e-02 1.142373840841754453e-04
1.156250000000012790e+02 -1.652411315082803409e-02 1.134433386374937699e-04
1.156500000000012847e+02 -1.626638124412910225e-02 1.104657892149117052e-04
1.156750000000012903e+02 -1.539114440771104445e-02 1.054406318361612518e-04
1.157000000000012960e+02 -1.394154437146669263e-02 9.860463876605203549e-05
1.157250000000013017e+02 -1.198953951849559066e-02 9.028347789004508473e-05
1.157500000000013074e+02 -9.632272308315065201e-03 8.087526296361858657e-05
1.157750000000013131e+02 -6.987168130146952441e-03 7.083046629622515434e-05
1.158000000000013188e+02 -4.186012907482288339e-03 6.062920813777199669e-05
1.158250000000013245e+02 -1.368308198847212288e-03 5.075706852689126263e-05
1.158500000000013301e+02 1.325761106376749376e-03 4.168064105688606275e-05
1.158750000000013358e+02 3.762391942974928523e-03 3.382406021953456596e-05
1.159000000000013415e+02 5.820904942442293485e-03 2.754768415173003177e-05
1.159250000000013472e+02 7.399823261948478351e-03 2.313000525673862464e-05
1.159500000000013529e+02 8.421982103480855561e-03 2.075369787896925658e-05
1.159750000000013586e+02 8.838411582089244004e-03 2.049650320470556357e-05
1.160000000000013642e+02 8.630797488367251968e-03 2.232740743348976976e-05
1.160250000000013699e+02 7.812396215267413367e-03 2.610830231278154999e-05
1.160500000000013756e+02 6.427358065593817039e-03 3.160104082360311529e-05
1.160750000000013813e+02 4.548493393696726936e-03 3.847952907645261355e-05
1.161000000000013870e+02 2.273594518121257579e-03 4.634624199830372006e-05
1.161250000000013927e+02 -2.795008843458117670e-04 5.475232793698431728e-05
1.161500000000013983e+02 -2.978855795829011503e-03 6.322028704559396709e-05
1.161750000000014040e+02 -5.685089351393339714e-03 7.126807931292254499e-05
1.162000000000014097e+02 -8.258406178242435822e-03 7.843344681441227805e-05
1.162250000000014154e+02 -1.056564517650874016e-02 8.429722476020148111e-05
1.162500000000014211e+02 -1.248699243431175381e-02 8.850446763679458144e-05
1.162750000000014268e+02 -1.392201997587131854e-02 9.078232756756389314e-05
1.163000000000014325e+02 -1.479474609627611306e-02 9.095378631482124666e-05
1.163250000000014381e+02 -1.505746241996456375e-02 8.894655179655999451e-05
1.163500000000014438e+02 -1.469313503932110319e-02 8.479667403351375606e-05
1.163750000000014495e+02 -1.371625900626243823e-02 7.864670174305493308e-05
1.164000000000014552e+02 -1.217212343601912876e-02 7.073847593130001192e-05
1.164250000000014609e+02 -1.013452460633182915e-02 6.140092694385742038e-05
1.164500000000014666e+02 -7.702042657676475002e-03 5.103349290499442588e-05
1.164750000000014722e+02 -4.993069878583456141e-03 4.008599765517808112e-05
1.165000000000014779e+02 -2.139841447407025456e-03 2.903600411795706498e-05
1.165250000000014836e+02 7.182302696642689282e-04 1.836478554851863446e-05
1.165500000000014893e+02 3.441581724258821300e-03 8.533126009305142237e-06
1.165750000000014950e+02 5.897530265658991119e-03 -4.183075788304865363e-08
1.166000000000015007e+02 7.966957835196219681e-03 -7.007518493056211109e-06
1.166250000000015064e+02 9.550309452445509759e-03 -1.209361832462608155e-05
1.166500000000015120e+02 1.057260428131926583e-02 -1.512557340053745822e-05
1.166750000000015177e+02 1.098720690106098213e-02 -1.603327012478588556e-05
1.167000000000015234e+02 1.077816895446833366e-02 -1.485445180474694405e-05
1.167250000000015291e+02 9.961023448114343648e-03 -1.173269615512985020e-05
1.167500000000015348e+02 8.581992000396708800e-03 -6.910062068823878628e-06
1.167750000000015405e+02 6.715645338868906147e-03 -7.147795413090840443e-07
1.168000000000015461e+02 4.461135305407115149e-03 6.455393898002331619e-06
1.168250000000015518e+02 1.937188607211705674e-03 1.415330898395135665e-05
1.168500000000015575e+02 -7.238850735518735343e-04 2.190503609503416897e-05
1.168750000000015632e+02 -3.382868370277113904e-03 2.923381150480255415e-05
1.169000000000015689e+02 -5.900658298636695699e-03 3.568411128333452952e-05
1.169250000000015746e+02 -8.145281067823357049e-03 4.084463996414736673e-05
1.169500000000015802e+02 -9.998546046123518716e-03 4.436907654941250808e-05
1.169750000000015859e+02 -1.136200355508700313e-02 4.599353413360783869e-05
1.170000000000015916e+02 -1.216190632953691349e-02 4.554985566177895340e-05
1.170250000000015973e+02 -1.235292476618336625e-02 4.297407865542328533e-05
1.170500000000016030e+02 -1.192042895372262025e-02 3.830964554035886114e-05
1.170750000000016087e+02 -1.088122276023941598e-02 3.170520117952556897e-05
1.171000000000016144e+02 -9.282693304037867646e-03 2.340709199710308601e-05
1.171250000000016200e+02 -7.200419016293754977e-03 1.374694791717876684e-05
1.171500000000016257e+02 -4.734357191059267167e-03 3.124975815991912196e-06
1.171750000000016314e+02 -2.003803494968414960e-03 -8.010191181938498177e-06
1.172000000000016371e+02 8.586222313809998294e-04 -1.918407126538783193e-05
1.172250000000016428e+02 3.713660521771816863e-03 -2.992019944893775099e-05
1.172500000000016485e+02 6.422430098812740781e-03 -3.976407797773780657e-05
1.172750000000016541e+02 8.853425144101138844e-03 -4.830600505516964278e-05
1.173000000000016598e+02 1.088913932474413863e-02 -5.520163260454494908e-05
1.173250000000016655e+02 1.243198276584127349e-02 -6.018921890876328430e-05
1.173500000000016712e+02 1.340919386954299818e-02 -6.310270913973328320e-05
1.173750000000016769e+02 1.377649861074618440e-02 -6.387998751635334739e-05
1.174000000000016826e+02 1.352033312705117410e-02 -6.256588848580006386e-05
1.174250000000016882e+02 1.265851787865518441e-02 -5.930981861415963102e-05
1.174500000000016939e+02 1.123934972798479315e-02 -5.435811245871842771e-05
1.174750000000016996e+02 9.339158042659945203e-03 -4.804151090065077461e-05
1.175000000000017053e+02 7.058448338151502612e-03 -4.075839588611499892e-05
1.175250000000017110e+02 4.516828146926625889e-03 -3.295462889536301531e-05
1.175500000000017167e+02 1.846971142651164521e-03 -2.510101101629610328e-05
1.175750000000017224e+02 -8.120760285896849902e-04 -1.766950166067242776e-05
1.176000000000017280e+02 -3.321906691266719117e-03 -1.110939477648892901e-05
1.176250000000017337e+02 -5.551733292057167181e-03 -5.824652784371718862e-06
1.176500000000017394e+02 -7.384980973093759407e-03 -2.153539378898899017e-06
1.176750000000017451e+02 -8.725163290126713642e-03 -3.515757984875454208e-07
1.177000000000017508e+02 -9.500744053865745400e-03 -5.786770892797823604e-07
1.177250000000017565e+02 -9.668740441365853908e-03 -2.891113764494740193e-06
1.177500000000017621e+02 -9.216886024072636768e-03 -7.238700764555677813e-06
1.177750000000017678e+02 -8.164244986864886006e-03 -1.346735202666611798e-05
1.178000000000017735e+02 -6.560246904969995255e-03 -2.132686858511615677e-05
1.178250000000017792e+02 -4.482191065895931026e-03 -3.048356455405054817e-05
1.178500000000017849e+02 -2.031346457450810151e-03 -4.053709187700341637e-05
1.178750000000017906e+02 6.721556966819966158e-04 -5.104061361691510470e-05
1.179000000000017963e+02 3.495379151039552240e-03 -6.152330740237505315e-05
1.179250000000018019e+02 6.299284080737845709e-03 -7.151406391469789544e-05
1.179500000000018076e+02 8.945734822431945787e-03 -8.056518581071394106e-05
1.179750000000018133e+02 1.130446061642086976e-02 -8.827489321776443051e-05
1.180000000000018190e+02 1.325961849639515494e-02 -9.430750281548242353e-05
1.180250000000018247e+02 1.471562760185156186e-02 -9.841026543176188495e-05
1.180500000000018304e+02 1.560198098303159329e-02 -1.004260160658062548e-04
1.180750000000018360e+02 1.587679257121910742e-02 -1.003010017375386347e-04
1.181000000000018417e+02 1.552890079395318271e-02 -9.808749589735713838e-05
1.181250000000018474e+02 1.457842310653580283e-02 -9.394107101546352988e-05
1.181500000000018531e+02 1.307573381694608454e-02 -8.811267015254363271e-05
1.181750000000018588e+02 1.109891706282979673e-02 -8.093588024244903641e-05
1.182000000000018645e+02 8.749823650005393583e-03 -7.281005127832986500e-05
1.182250000000018701e+02 6.148930808632772221e-03 -6.418011446437410798e-05
1.182500000000018758e+02 3.429264221413424497e-03 -5.551411814388551406e-05
1.182750000000018815e+02 7.296888905736820035e-04 -4.727961464179678154e-05
1.183000000000018872e+02 -1.812092840068584313e-03 -3.992008833485920677e-05
1.183250000000018929e+02 -4.066483102037410716e-03 -3.383261241870213294e-05
1.183500000000018986e+02 -5.918520259341433776e-03 -2.934785920361191627e-05
1.183750000000019043e+02 -7.273671450648177411e-03 -2.671346948309195947e-05
1.184000000000019099e+02 -8.062594091845754277e-03 -2.608161666567221728e-05
1.184250000000019156e+02 -8.244626546898080333e-03 -2.750138950978297161e-05
1.184500000000019213e+02 -7.809832283367621093e-03 -3.091637415638531783e-05
1.184750000000019270e+02 -6.779494779421881695e-03 -3.616755398540691993e-05
1.185000000000019327e+02 -5.205038562728832655e-03 -4.300137785171746812e-05
1.185250000000019384e+02 -3.165431099444086013e-03 -5.108258697619557785e-05
1.185500000000019440e+02 -7.631968147301987273e-04 -6.001115130068846815e-05
1.185750000000019497e+02 1.880755544332755099e-03 -6.934245949960076436e-05
1.186000000000019554e+02 4.633231219990928060e-03 -7.860974347116068592e-05
1.186250000000019611e+02 7.355465841122858263e-03 -8.734760620660947600e-05
1.186500000000019668e+02 9.910121227804408184e-03 -9.511546706404233565e-05
1.186750000000019725e+02 1.216820791199605019e-02 -1.015197433816750390e-04
1.187000000000019782e+02 1.401558545129415710e-02 -1.062336517737205228e-04
1.187250000000019838e+02 1.535871296813017504e-02 -1.090136330657712270e-04
1.187500000000019895e+02 1.612936020900333431e-02 -1.097115755501260119e-04
1.187750000000019952e+02 1.628804187558445180e-02 -1.082822234295076472e-04
1.188000000000020009e+02 1.582600238444250088e-02 -1.047854002639816344e-04
1.188250000000020066e+02 1.476565131591281790e-02 -9.938293867131220568e-05
1.188500000000020123e+02 1.315942792851006703e-02 -9.233047428957121862e-05
1.188750000000020179e+02 1.108715230457001967e-02 -8.396452063184811003e-05
1.189000000000020236e+02 8.651996963936337340e-03 -7.468547893886836263e-05
1.189250000000020293e+02 5.975282291247706670e-03 -6.493744150559925662e-05
1.189500000000020350e+02 3.190358366685956248e-03 -5.518580795319065333e-05
1.189750000000020407e+02 4.358817857424635489e-04 -4.589384345332835579e-05
1.190000000000020464e+02 -2.151173515043269466e-03 -3.749936050371019142e-05
1.190250000000020520e+02 -4.442419072963954725e-03 -3.039269887962318272e-05
1.190500000000020577e+02 -6.324520428404199410e-03 -2.489711225318524813e-05
1.190750000000020634e+02 -7.704905406027923696e-03 -2.125254802679185358e-05
1.191000000000020691e+02 -8.516424575270143890e-03 -1.960363536495531825e-05
1.191250000000020748e+02 -8.720729194589561459e-03 -1.999248390065184273e-05
1.191500000000020805e+02 -8.310196640062239917e-03 -2.235665285076892257e-05
1.191750000000020862e+02 -7.308306570552261343e-03 -2.653238959100479114e-05
1.192000000000020918e+02 -5.768449194468889922e-03 -3.226297120176784905e-05
1.192250000000020975e+02 -3.771226039014545853e-03 -3.921172553079682615e-05
1.192500000000021032e+02 -1.420379597455140308e-03 -4.697907283934785351e-05
1.192750000000021089e+02 1.162442685557496698e-03 -5.512272696660985329e-05
1.193000000000021146e+02 3.843825916920777085e-03 -6.318003631231081227e-05
1.193250000000021203e+02 6.485317187360905428e-03 -7.069133778682496426e-05
1.193500000000021259e+02 8.950407602023841003e-03 -7.722314654579916617e-05
1.193750000000021316e+02 1.111141491689788922e-02 -8.239001334295486287e-05
1.194000000000021373e+02 1.285591987239101917e-02 -8.587394918844268451e-05
1.194250000000021430e+02 1.409243188446756244e-02 -8.744044024187191825e-05
1.194500000000021487e+02 1.475499866687137243e-02 -8.695024826025252412e-05
1.194750000000021544e+02 1.480652765009058541e-02 -8.436640474073083765e-05
1.195000000000021600e+02 1.424065204486686144e-02 -7.975604939368175818e-05
1.195250000000021657e+02 1.308204779198467518e-02 -7.328702353813475732e-05
1.195500000000021714e+02 1.138518574462983254e-02 -6.521939330035746488e-05
1.195750000000021771e+02 9.231582307020192585e-03 -5.589233280991973217e-05
1.196000000000021828e+02 6.725687426863444056e-03 -4.570703107022649141e-05
1.196250000000021885e+02 3.989617496049801051e-03 -3.510648608914199989e-05
1.196500000000021942e+02 1.156998894407588151e-03 -2.455320611716492482e-05
1.196750000000021998e+02 -1.633767315063030731e-03 -1.450594264528732025e-05
1.197000000000022055e+02 -4.246479918409300051e-03 -5.396627884629706380e-06
1.197250000000022112e+02 -6.553999701753453547e-03 2.391321588272503037e-06
1.197500000000022169e+02 -8.444653350686181364e-03 8.542242883170372155e-06
1.197750000000022226e+02 -9.827856398571206686e-03 1.282403894077622837e-05
1.198000000000022283e+02 -1.063867195659691338e-02 1.509977035876538923e-05
1.198250000000022339e+02 -1.084107566079891422e-02 1.533444559596931189e-05
1.198500000000022396e+02 -1.042976253397596281e-02 1.359667051267198295e-05
1.198750000000022453e+02 -9.430404991430638845e-03 1.005507739207368067e-05
1.199000000000022510e+02 -7.898349310375267843e-03 4.969716635958660380e-06
1.199250000000022567e+02 -5.915816596844659589e-03 -1.321152013357614602e-06
1.199500000000022624e+02 -3.587749652794830664e-03 -8.418200385801555909e-06
1.199750000000022681e+02 -1.036515371809009368e-03 -1.588123891591724130e-05
1.200000000000022737e+02 1.604270063399073406e-03 -2.325146985295466074e-05
1.200250000000022794e+02 4.196481747819789769e-03 -3.007466426644940603e-05
1.200500000000022851e+02 6.604452498347349737e-03 -3.592409462045042845e-05
1.200750000000022908e+02 8.701813973497481494e-03 -4.042206773716464606e-05
1.201000000000022965e+02 1.037786765708976176e-02 -4.325897420021205549e-05
1.201250000000023022e+02 1.154316466399256218e-02 -4.420889604009311049e-05
1.201500000000023078e+02 1.213401327313844667e-02 -4.314098852733871785e-05
1.201750000000023135e+02 1.211568720090657608e-02 -4.002606528628234066e-05
1.202000000000023192e+02 1.148417316597667194e-02 -3.493805793934217008e-05
1.202250000000023249e+02 1.026636995928645497e-02 -2.805027990854313546e-05
1.202500000000023306e+02 8.518729304875481689e-03 -1.962668580882480070e-05
1.202750000000023363e+02 6.324407342905405231e-03 -1.000856984928301529e-05
1.203000000000023419e+02 3.789070625923121344e-03 4.026238318102505564e-07
1.203250000000023476e+02 1.035568310417670900e-03 1.116551052653002445e-05
1.203500000000023533e+02 -1.802260667279181536e-03 2.182097405029491787e-05
1.203750000000023590e+02 -4.586333095418439372e-03 3.191525549751931574e-05
1.204000000000023647e+02 -7.181279542519974739e-03 4.102275797612706901e-05
1.204250000000023704e+02 -9.461264191996573633e-03 4.876741866107713573e-05
1.204500000000023761e+02 -1.131632272346810332e-02 5.484157240939401895e-05
1.204750000000023817e+02 -1.265789887334376786e-02 5.902135820454069840e-05
1.205000000000023874e+02 -1.342330076515687622e-02 6.117789446747345114e-05
1.205250000000023931e+02 -1.357885260846100964e-02 6.128366289996403627e-05
1.205500000000023988e+02 -1.312158317323055753e-02 5.941378226434938868e-05
1.205750000000024045e+02 -1.207936623538067612e-02 5.574211113688231278e-05
1.206000000000024102e+02 -1.050950623702327259e-02 5.053237921415256188e-05
1.206250000000024158e+02 -8.495840777372174607e-03 4.412479708615404521e-05
1.206500000000024215e+02 -6.144506296489287214e-03 3.691882188853631527e-05
1.206750000000024272e+02 -3.578580667179749857e-03 2.935294949446391822e-05
1.207000000000024329e+02 -9.318729769579458958e-04 2.188255315486227237e-05
1.207250000000024386e+02 1.657826287047874450e-03 1.495688628847866014e-05
1.207500000000024443e+02 4.055694303195509810e-03 8.996408525279932813e-06
1.207750000000024500e+02 6.136673910415135248e-03 4.371577115259115734e-06
1.208000000000024556e+02 7.791777900805388346e-03 1.384171272673497702e-06
1.208250000000024613e+02 8.933581933829490632e-03 2.520887631502409227e-07
1.208500000000024670e+02 9.500629360723661029e-03 1.098378532033458848e-06
1.208750000000024727e+02 9.460526151519103172e-03 3.945059288991002556e-06
1.209000000000024784e+02 8.811570190184003434e-03 8.712032521437398813e-06
1.209250000000024841e+02 7.582833112700798107e-03 1.522114156007031372e-05
1.209500000000024897e+02 5.832690881495457974e-03 2.320516904495379141e-05
1.209750000000024954e+02 3.645877483934460705e-03 3.232131647405839643e-05
1.210000000000025011e+02 1.129210571148777644e-03 4.216848400159778614e-05
1.210250000000025068e+02 -1.593795234685133587e-03 5.230747762300395144e-05
1.210500000000025125e+02 -4.389155612462964512e-03 6.228312394847724132e-05
1.210750000000025182e+02 -7.119170327161816053e-03 7.164717729140498655e-05
1.211000000000025238e+02 -9.649362986442557716e-03 7.998086457663512781e-05
1.211250000000025295e+02 -1.185525692374134882e-02 8.691593253410946586e-05
1.211500000000025352e+02 -1.362864569520407659e-02 9.215313779107508260e-05
1.211750000000025409e+02 -1.488304222292460496e-02 9.547724996204741963e-05
1.212000000000025466e+02 -1.555803208360219750e-02 9.676781407490450963e-05
1.212250000000025523e+02 -1.562231173627015232e-02 9.600513277481521727e-05
1.212500000000025580e+02 -1.507525881544305793e-02 9.327116990538439399e-05
1.212750000000025636e+02 -1.394695564063939616e-02 8.874533309855137792e-05
1.213000000000025693e+02 -1.229666507716277619e-02 8.269535102183383992e-05
1.213250000000025750e+02 -1.020983589451897322e-02 7.546370791875994083e-05
1.213500000000025807e+02 -7.793788875465705417e-03 6.745032161414819534e-05
1.213750000000025864e+02 -5.172301396059251176e-03 5.909233997174415939e-05
1.214000000000025921e+02 -2.479363676154989690e-03 5.084207542887341213e-05
1.214250000000025977e+02 1.475784034267971657e-04 4.314419039443503261e-05
1.214500000000026034e+02 2.574553205470781706e-03 3.641328335775421727e-05
1.214750000000026091e+02 4.677816615039140716e-03 3.101300465279341887e-05
1.215000000000026148e+02 6.350088319653913842e-03 2.723775306309401389e-05
1.215250000000026205e+02 7.505956848475918257e-03 2.529787378947154596e-05
1.215500000000026262e+02 8.086181092581405661e-03 2.530910133342011069e-05
1.215750000000026319e+02 8.060671708843404268e-03 2.728677654313377735e-05
1.216000000000026375e+02 7.430002396745692510e-03 3.114512622028284971e-05
1.216250000000026432e+02 6.225375172173563607e-03 3.670163846734180081e-05
1.216500000000026489e+02 4.507041706208844700e-03 4.368631021453610119e-05
1.216750000000026546e+02 2.361260620694193534e-03 5.175529804582870762e-05
1.217000000000026603e+02 -1.040555868905193972e-04 6.050828190572800662e-05
1.217250000000026660e+02 -2.764784297300125655e-03 6.950866463720821117e-05
1.217500000000026716e+02 -5.486852578105741625e-03 7.830558797425910076e-05
1.217750000000026773e+02 -8.132997344978206908e-03 8.645665473428209040e-05
1.218000000000026830e+02 -1.056968501752263319e-02 9.355021205345985806e-05
1.218250000000026887e+02 -1.267384184189044444e-02 9.922607333003936230e-05
1.218500000000026944e+02 -1.433905566760553842e-02 1.031936358875175001e-04
1.218750000000027001e+02 -1.548093667763994832e-02 1.052464832057487036e-04
1.219000000000027057e+02 -1.604136702901595712e-02 1.052727382339169675e-04
1.219250000000027114e+02 -1.599142542253150293e-02 1.032606488070461989e-04
1.219500000000027171e+02 -1.533283945606651356e-02 9.929912670110941503e-05
1.219750000000027228e+02 -1.409789285512627957e-02 9.357321626631040880e-05
1.220000000000027285e+02 -1.234779257324465813e-02 8.635472403256570708e-05
1.220250000000027342e+02 -1.016957838612581218e-02 7.798848432346273626e-05
1.220500000000027399e+02 -7.671731054051685213e-03 6.887495547396544151e-05
1.220750000000027455e+02 -4.978700695478140321e-03 5.945002568159325372e-05
1.221000000000027512e+02 -2.224631397548684428e-03 5.016304755569209162e-05
1.221250000000027569e+02 4.534014525769076770e-04 4.145420903592627048e-05
1.221500000000027626e+02 2.922300134563412567e-03 3.373238111225080227e-05
1.221750000000027683e+02 5.059651574397388239e-03 2.735455804566908484e-05
1.222000000000027740e+02 6.759894303799100258e-03 2.260792488545486300e-05
1.222250000000027796e+02 7.939634656592179165e-03 1.969545407978794108e-05
1.222500000000027853e+02 8.541844406442546112e-03 1.872575462702515876e-05
1.222750000000027910e+02 8.538728487861269381e-03 1.970768253866946962e-05
1.223000000000027967e+02 7.933118521836153569e-03 2.254998119938707052e-05
1.223250000000028024e+02 6.758322205887472636e-03 2.706596664140330726e-05
1.223500000000028081e+02 5.076436477010435634e-03 3.298301858746306334e-05
1.223750000000028137e+02 2.975209789990421530e-03 3.995639614932424284e-05
1.224000000000028194e+02 5.636119700888096240e-04 4.758667949147603321e-05
1.224250000000028251e+02 -2.033664786781803901e-03 5.543995652675768487e-05
1.224500000000028308e+02 -4.682496361892879780e-03 6.306973595053096051e-05
1.224750000000028365e+02 -7.246091367646678369e-03 7.003948158378486561e-05
1.225000000000028422e+02 -9.591888927444777030e-03 7.594463235501243208e-05
1.225250000000028479e+02 -1.159824186053292142e-02 8.043299887013469522e-05
1.225500000000028535e+02 -1.316054843874047732e-02 8.322250997793971690e-05
1.225750000000028592e+02 -1.419652374628460959e-02 8.411541687065530852e-05
1.226000000000028649e+02 -1.465034510631859493e-02 8.300824127117003713e-05
1.226250000000028706e+02 -1.449546284626832340e-02 7.989696910361599488e-05
1.226500000000028763e+02 -1.373593499202832927e-02 7.487723087620919095e-05
1.226750000000028820e+02 -1.240621891332677196e-02 6.813946272574779349e-05
1.227000000000028876e+02 -1.056943073570468759e-02 5.995929494990444541e-05
1.227250000000028933e+02 -8.314160566738780164e-03 5.068365513342555227e-05
1.227500000000028990e+02 -5.750004362321209893e-03 4.071328857596516785e-05
1.227750000000029047e+02 -3.002037915621226342e-03 3.048257878664790575e-05
1.228000000000029104e+02 -2.045117291384206419e-04 2.043768629953788833e-05
1.228250000000029161e+02 2.505915254014464896e-03 1.101410815662986352e-05
1.228500000000029218e+02 4.997061903852425754e-03 2.614788923925091362e-06
1.228750000000029274e+02 7.147884007923532672e-03 -4.410114373821955554e-06
1.229000000000029331e+02 8.854570612571690397e-03 -9.780795008067916918e-06
1.229250000000029388e+02 1.003577042236438073e-02 -1.330180384759957009e-05
1.229500000000029445e+02 1.063668499225064318e-02 -1.487179772811746386e-05
1.229750000000029502e+02 1.063182262139705098e-02 -1.448854039711466133e-05
1.230000000000029559e+02 1.002627440892853682e-02 -1.224890701170596286e-05
1.230250000000029615e+02 8.855448452404416151e-03 -8.343895041134921306e-06
1.230500000000029672e+02 7.183275902487216286e-03 -3.048895989997148679e-06
1.230750000000029729e+02 5.098979612667539976e-03 3.290279032715989150e-06
1.231000000000029786e+02 2.712568558948292002e-03 1.027491326010558425e-05
1.231250000000029843e+02 1.492854006589145518e-04 1.747355320197730645e-05
1.231500000000029900e+02 -2.456712724274489126e-03 2.444381481937285897e-05
1.231750000000029956e+02 -4.969121483175660027e-03 3.075472732906805740e-05
1.232000000000030013e+02 -7.256363503827605553e-03 3.600848861233601442e-05
1.232250000000030070e+02 -9.198222875549071434e-03 3.986053652649721547e-05
1.232500000000030127e+02 -1.069190562108072833e-02 4.203692593315798919e-05
1.232750000000030184e+02 -1.165722076682131070e-02 4.234813760209862188e-05
1.233000000000030241e+02 -1.204062102842206120e-02 4.069862544237347888e-05
1.233250000000030298e+02 -1.181789966441757107e-02 3.709162363918716104e-05
1.233500000000030354e+02 -1.099540782956277829e-02 3.162897435862576788e-05
1.233750000000030411e+02 -9.609731363424692946e-03 2.450598769867580749e-05
1.234000000000030468e+02 -7.725843616520756789e-03 1.600159582341127771e-05
1.234250000000030525e+02 -5.433827730432548228e-03 6.464300139219545715e-06
1.234500000000030582e+02 -2.844333878143632567e-03 -3.705377991293988217e-06
1.234750000000030639e+02 -8.300070344740607692e-05 -1.407505677882397570e-05
1.235000000000030695e+02 2.715877637099977163e-03 -2.420224660137654943e-05
1.235250000000030752e+02 5.416119456736165003e-03 -3.365659883769222041e-05
1.235500000000030809e+02 7.886517309207160750e-03 -4.204152978643140574e-05
1.235750000000030866e+02 1.000744765284423445e-02 -4.901413067413124669e-05
1.236000000000030923e+02 1.167689529098818457e-02 -5.430236176462657245e-05
1.236250000000030980e+02 1.281558903825078498e-02 -5.771866601552732738e-05
1.236500000000031037e+02 1.337098992335121646e-02 -5.916931863078645772e-05
1.236750000000031093e+02 1.331993113122336737e-02 -5.865904409730008647e-05
1.237000000000031150e+02 1.266977688865338070e-02 -5.629067099765696486e-05
1.237250000000031207e+02 1.145804217936937340e-02 -5.225984502850489525e-05
1.237500000000031264e+02 9.750492770364927592e-03 -4.684506959876470202e-05
1.237750000000031321e+02 7.637821629344176966e-03 -4.039357862171222773e-05
1.238000000000031378e+02 5.231069552889277413e-03 -3.330375577815516356e-05
1.238250000000031434e+02 2.656021090839889593e-03 -2.600498807378018117e-05
1.238500000000031491e+02 4.685845739765446497e-05 -1.893597025618356405e-05
1.238750000000031548e+02 -2.460606535397487794e-03 -1.252255406068440683e-05
1.239000000000031605e+02 -4.735781280440772706e-03 -7.156258544428315720e-06
1.239250000000031662e+02 -6.659876672448154789e-03 -3.174523776437623503e-06
1.239500000000031719e+02 -8.131895059361489778e-03 -8.437016679280354258e-07
1.239750000000031775e+02 -9.073720135337751819e-03 -3.456392319700513867e-07
1.240000000000031832e+02 -9.434052391189285888e-03 -1.768528061047740182e-06
1.240250000000031889e+02 -9.190991981326602361e-03 -5.102478463678629427e-06
1.240500000000031946e+02 -8.353139085089335628e-03 -1.024003840842227620e-05
1.240750000000032003e+02 -6.959156594554738971e-03 -1.698162816441118903e-05
1.241000000000032060e+02 -5.075817480655863030e-03 -2.504561389628571605e-05
1.241250000000032117e+02 -2.794635567041378870e-03 -3.408250992907654056e-05
1.241500000000032173e+02 -2.272498266638425823e-04 -4.369259170388956076e-05
1.241750000000032230e+02 2.500204887734994250e-03 -5.344603005038896508e-05
1.242000000000032287e+02 5.253456724497050992e-03 -6.290453091085017399e-05
1.242250000000032344e+02 7.896864650710913938e-03 -7.164338942462528288e-05
1.242500000000032401e+02 1.030025398347785871e-02 -7.927284705909579425e-05
1.242750000000032458e+02 1.234547506703568415e-02 -8.545767625774676013e-05
1.243000000000032514e+02 1.393235455261054856e-02 -8.993400701963080409e-05
1.243250000000032571e+02 1.498373942103055356e-02 -9.252254937189342853e-05
1.243500000000032628e+02 1.544937968008064204e-02 -9.313754777512243434e-05
1.243750000000032685e+02 1.530845425799740381e-02 -9.179101893117314645e-05
1.244000000000032742e+02 1.457061304539011490e-02 -8.859206235036606229e-05
1.244250000000032799e+02 1.327548285920410014e-02 -8.374128139367981128e-05
1.244500000000032855e+02 1.149066254101780739e-02 -7.752059881958871278e-05
1.244750000000032912e+02 9.308308554290012707e-03 -7.027898271252282767e-05
1.245000000000032969e+02 6.840483472775105156e-03 -6.241480439895357704e-05
1.245250000000033026e+02 4.213502075938156850e-03 -5.435571919250214621e-05
1.245500000000033083e+02 1.561560247073492773e-03 -4.653708508720402499e-05
1.245750000000033140e+02 -9.800320359732656375e-04 -3.938000754472234646e-05
1.246000000000033197e+02 -3.281672435979265078e-03 -3.327011672305657243e-05
1.246250000000033253e+02 -5.225998845797321865e-03 -2.853814591315068926e-05
1.246500000000033310e+02 -6.713803604402335430e-03 -2.544328857123311208e-05
1.246750000000033367e+02 -7.669031347961653179e-03 -2.416017075149079274e-05
1.247000000000033424e+02 -8.042608754978220267e-03 -2.477009310991809277e-05
1.247250000000033481e+02 -7.814913375157540171e-03 -2.725698113843509887e-05
1.247500000000033538e+02 -6.996757369413756679e-03 -3.150824484193546707e-05
1.247750000000033594e+02 -5.628836871515168101e-03 -3.732050159507392260e-05
1.248000000000033651e+02 -3.779675034377371311e-03 -4.440987094834450595e-05
1.248250000000033708e+02 -1.542162746596890781e-03 -5.242631998469553549e-05
1.248500000000033765e+02 9.711283295397787419e-04 -6.097133408037769042e-05
1.248750000000033822e+02 3.633623899185243946e-03 -6.961802081537115175e-05
1.249000000000033879e+02 6.311129941362708662e-03 -7.793263274127778780e-05
1.249250000000033936e+02 8.868598499365096255e-03 -8.549642383187432344e-05
1.249500000000033992e+02 1.117693523834551415e-02 -9.192673828864060450e-05
1.249750000000034049e+02 1.311950561623131603e-02 -9.689626969797870059e-05
1.250000000000034106e+02 1.459801177458630583e-02 -1.001495213614448130e-04
1.250250000000034163e+02 1.553744404136782678e-02 -1.015156401958015154e-04
1.250500000000034220e+02 1.588985764235444770e-02 -1.009169798010269681e-04
1.250750000000034277e+02 1.563678448494456100e-02 -9.837296384242613190e-05
1.251000000000034333e+02 1.479015871724362503e-02 -9.399905791980258621e-05
1.251250000000034390e+02 1.339170970499489743e-02 -8.800090464332651480e-05
1.251500000000034447e+02 1.151085333018942759e-02 -8.066392028926974071e-05
1.251750000000034504e+02 9.241188203403164977e-03 -7.233887985814545923e-05
1.252000000000034561e+02 6.695773681919788348e-03 -6.342421916760848113e-05
1.252250000000034618e+02 4.001427955323734291e-03 -5.434594755546044188e-05
1.252500000000034674e+02 1.292333807524450630e-03 -4.553618461513495957e-05
1.252750000000034731e+02 -1.296725495662401188e-03 -3.741140310526125921e-05
1.253000000000034788e+02 -3.637159164564633240e-03 -3.035147432226069608e-05
1.253250000000034845e+02 -5.613048274688222511e-03 -2.468057114678823426e-05
1.253500000000034902e+02 -7.126985046356906772e-03 -2.065088974664050069e-05
1.253750000000034959e+02 -8.104977805458104048e-03 -1.843000834653824130e-05
1.254000000000035016e+02 -8.500174570357657902e-03 -1.809251774244002449e-05
1.254250000000035072e+02 -8.295217808233380091e-03 -1.961634265303557046e-05
1.254500000000035129e+02 -7.503111939560633964e-03 -2.288393641580416550e-05
1.254750000000035186e+02 -6.166560160293920248e-03 -2.768828591801728248e-05
1.255000000000035243e+02 -4.355804316391484639e-03 -3.374342133618128860e-05
1.255250000000035300e+02 -2.165077014547492178e-03 -4.069889849274694850e-05
1.255500000000035357e+02 2.921549163167946666e-04 -4.815752181852249426e-05
1.255750000000035413e+02 2.888915610128963557e-03 -5.569541307073878189e-05
1.256000000000035470e+02 5.491125214250701728e-03 -6.288341332338780491e-05
1.256250000000035527e+02 7.964361812347161423e-03 -6.930873917176372224e-05
1.256500000000035584e+02 1.018063930186864641e-02 -7.459580193033676497e-05
1.256750000000035641e+02 1.202485957210356823e-02 -7.842514142400708983e-05
1.257000000000035698e+02 1.340061381408359960e-02 -8.054952158176416561e-05
1.257250000000035755e+02 1.423504066632140692e-02 -8.080637860284761178e-05
1.257500000000035811e+02 1.448249650008367334e-02 -7.912599669880459729e-05
1.257750000000035868e+02 1.412685307251766893e-02 -7.553500204153880046e-05
1.258000000000035925e+02 1.318230700225434156e-02 -7.015500165507450986e-05
1.258250000000035982e+02 1.169266055895952158e-02 -6.319643869343178342e-05
1.258500000000036039e+02 9.729110322115286716e-03 -5.494797650243124422e-05
1.258750000000036096e+02 7.386655470130767433e-03 -4.576194894240463316e-05
1.259000000000036152e+02 4.779307018372750369e-03 -3.603661230394962739e-05
1.259250000000036209e+02 2.034339728582924053e-03 -2.619609485728166141e-05
1.259500000000036266e+02 -7.141233801045444038e-04 -1.666905552802202606e-05
1.259750000000036323e+02 -3.331870404871469914e-03 -7.867127630425179295e-06
1.260000000000036380e+02 -5.691363034042380524e-03 -1.642337726248964461e-07
1.260250000000036437e+02 -7.678161250844609161e-03 6.122186483714790568e-06
1.260500000000036493e+02 -9.196686487449739350e-03 1.074709161349690166e-05
1.260750000000036550e+02 -1.017503286135844863e-02 1.355009568993967295e-05
1.261000000000036607e+02 -1.056858416669625989e-02 1.446345317767373548e-05
1.261250000000036664e+02 -1.036225453884566383e-02 1.351537124556755188e-05
1.261500000000036721e+02 -9.571240122877265610e-03 1.082848552989844200e-05
1.261750000000036778e+02 -8.240244153720642853e-03 6.613579042420975882e-06
1.262000000000036835e+02 -6.441214813619320148e-03 1.158863522348185446e-06
1.262250000000036891e+02 -4.269710190301280288e-03 -5.184634089838852066e-06
1.262500000000036948e+02 -1.840073839882623748e-03 -1.202084147467107758e-05
1.262750000000037005e+02 7.203356245561533299e-04 -1.892866989551541138e-05
1.263000000000037062e+02 3.277569862658041931e-03 -2.548329185670570690e-05
1.263250000000037119e+02 5.697847044116866218e-03 -3.127759470188283059e-05
1.263500000000037176e+02 7.854298367262353350e-03 -3.594272917547414051e-05
1.263750000000037232e+02 9.633364789839678199e-03 -3.916671820043673497e-05
1.264000000000037289e+02 1.094052160178268264e-02 -4.071018946981909452e-05
1.264250000000037346e+02 1.170504241479731339e-02 -4.041844091135452378e-05
1.264500000000037403e+02 1.188356262027955891e-02 -3.822923329664006586e-05
1.264750000000037460e+02 1.146226292927884048e-02 -3.417591990513578671e-05
1.265000000000037517e+02 1.045756320058761728e-02 -2.838575829927821116e-05
1.265250000000037573e+02 8.915291876038400343e-03 -2.107349208684440651e-05
1.265500000000037630e+02 6.908373188341863577e-03 -1.253052880048200833e-05
1.265750000000037687e+02 4.533149012505576642e-03 -3.110261698587069507e-06
1.266000000000037744e+02 1.904521031684514986e-03 6.789722762816632684e-06
1.266250000000037801e+02 -8.498416844337677422e-04 1.674765357065551594e-05
1.266500000000037858e+02 -3.595937529639540997e-03 2.633879057477310395e-05
1.266750000000037915e+02 -6.200185155660887376e-03 3.515677715557122680e-05
1.267000000000037971e+02 -8.536153764634592939e-03 4.283405432233885351e-05
1.267250000000038028e+02 -1.049093165465391810e-02 4.906030834792956115e-05
1.267500000000038085e+02 -1.197081207478896576e-02 5.359802372698483150e-05
1.267750000000038142e+02 -1.290600992140528321e-02 5.629435962722125207e-05
1.268000000000038199e+02 -1.325417171609505861e-02 5.708875369013659338e-05
1.268250000000038256e+02 -1.300250217892863838e-02 5.601587265087003395e-05
1.268500000000038312e+02 -1.216840047826274820e-02 5.320376390101045304e-05
1.268750000000038369e+02 -1.079857438153280190e-02 4.886730398180110728e-05
1.269000000000038426e+02 -8.966677261518595995e-03 4.329727688920773142e-05
1.269250000000038483e+02 -6.769587361506136311e-03 3.684563503807946472e-05
1.269500000000038540e+02 -4.322517138310616111e-03 2.990768773906855849e-05
1.269750000000038597e+02 -1.753199436909733209e-03 2.290211638511846021e-05
1.270000000000038654e+02 8.045562644453348785e-04 1.624982451115421963e-05
1.270250000000038710e+02 3.217612604936402956e-03 1.035268899668624100e-05
1.270500000000038767e+02 5.360217844206099577e-03 5.573283023351734245e-06
1.270750000000038824e+02 7.120345717919459270e-03 2.216591825099166357e-06
1.271000000000038881e+02 8.405342147019257554e-03 5.146412479852539327e-07
1.271250000000038938e+02 9.146594303880236157e-03 6.148118621319836834e-07
1.271500000000038995e+02 9.302986874222523433e-03 2.572425218605309998e-06
1.271750000000039051e+02 8.862971533274232802e-03 6.347973271121105553e-06
1.272000000000039108e+02 7.845145592055294964e-03 1.180912782998810733e-05
1.272250000000039165e+02 6.297310937885340111e-03 1.873742601967505985e-05
1.272500000000039222e+02 4.294061002025065070e-03 2.683929218480088518e-05
1.272750000000039279e+02 1.933017675227030521e-03 3.576083841811833486e-05
1.273000000000039336e+02 -6.700918804038857998e-04 4.510569584021702607e-05
1.273250000000039392e+02 -3.387270135275317375e-03 5.445497650985365483e-05
1.273500000000039449e+02 -6.084701516161609633e-03 6.338835902645389498e-05
1.273750000000039506e+02 -8.629496790073253737e-03 7.150523487089011207e-05
1.274000000000039563e+02 -1.089638949018217548e-02 7.844485009190398442e-05
1.274250000000039620e+02 -1.277404685008041822e-02 8.390442818505714179e-05
1.274500000000039677e+02 -1.417067721004412924e-02 8.765436232404408366e-05
1.274750000000039734e+02 -1.501865138394900719e-02 8.954971327929038788e-05
1.275000000000039790e+02 -1.527790523369142346e-02 8.953743593760232127e-05
1.275250000000039847e+02 -1.493795217881251601e-02 8.765897286744562698e-05
1.275500000000039904e+02 -1.401840447107004055e-02 8.404808700240272445e-05
1.275750000000039961e+02 -1.256797725154691972e-02 7.892404544607289495e-05
1.276000000000040018e+02 -1.066202589078648830e-02 7.258050055135459669e-05
1.276250000000040075e+02 -8.398741034741247571e-03 6.537063099696230133e-05
1.276500000000040131e+02 -5.894193415374992910e-03 5.768929368214133235e-05
1.276750000000040188e+02 -3.276478426598968159e-03 4.995308741100162176e-05
1.277000000000040245e+02 -6.792557949592676041e-04 4.257933402007207918e-05
1.277250000000040302e+02 1.764989892155214082e-03 3.596503655106330185e-05
1.277500000000040359e+02 3.931628031218148238e-03 3.046687459963836418e-05
1.277750000000040416e+02 5.710163573184225648e-03 2.638324410359393069e-05
1.278000000000040473e+02 7.009804764237180172e-03 2.393924523252437018e-05
1.278250000000040529e+02 7.764036544635937245e-03 2.327537298635802643e-05
1.278500000000040586e+02 7.933969269929955909e-03 2.444047812052693101e-05
1.278750000000040643e+02 7.510294195864807704e-03 2.738935053565415815e-05
1.279000000000040700e+02 6.513747429651660023e-03 3.198504418069328305e-05
1.279250000000040757e+02 4.994059252657522853e-03 3.800582356231548432e-05
1.279500000000040814e+02 3.027442071552521700e-03 4.515637918249861129e-05
1.279750000000040870e+02 7.127439073551405154e-04 5.308274436084365835e-05
1.280000000000040927e+02 -1.833538427163333359e-03 6.139015974301424694e-05
1.280250000000040984e+02 -4.483134869950182802e-03 6.966298373835422958e-05
1.280500000000041041e+02 -7.102470031845293380e-03 7.748564457189858990e-05
1.280750000000041098e+02 -9.559397356391479555e-03 8.446357775322485399e-05
1.281000000000041155e+02 -1.172986001859776216e-02 9.024309410914377338e-05
1.281250000000041211e+02 -1.350414282316698446e-02 9.452917802900117077e-05
1.281500000000041268e+02 -1.479240004439919334e-02 9.710032043064922022e-05
1.281750000000041325e+02 -1.552918070893562381e-02 9.781964087500705446e-05
1.282000000000041382e+02 -1.567672341218492860e-02 9.664174064663546475e-05
1.282250000000041439e+02 -1.522685482749213184e-02 9.361494402528123399e-05
1.282500000000041496e+02 -1.420139648250436960e-02 8.887881751966975649e-05
1.282750000000041553e+02 -1.265105958903570485e-02 8.265709480261248837e-05
1.283000000000041609e+02 -1.065288392873666758e-02 7.524636647622235210e-05
1.283250000000041666e+02 -8.306350175237136105e-03 6.700110695837715037e-05
1.283500000000041723e+02 -5.728361875733744592e-03 5.831579498852157320e-05
1.283750000000041780e+02 -3.047350253417489569e-03 4.960503023681272496e-05
1.284000000000041837e+02 -3.967991584243775460e-04 4.128264892680260853e-05
1.284250000000041894e+02 2.091483334599795671e-03 3.374089123311039531e-05
1.284500000000041950e+02 4.294007477163362500e-03 2.733066998840214741e-05
1.284750000000042007e+02 6.101823734259226480e-03 2.234393413442737218e-05
1.285000000000042064e+02 7.426010466272195583e-03 1.899901424126609710e-05
1.285250000000042121e+02 8.202150933247009251e-03 1.742968665265916234e-05
1.285500000000042178e+02 8.393574148070856791e-03 1.767850504014503902e-05
1.285750000000042235e+02 7.993196459262328843e-03 1.969473283277145407e-05
1.286000000000042292e+02 7.023871308361005240e-03 2.333697798656868681e-05
1.286250000000042348e+02 5.537229822930220778e-03 2.838039459976420307e-05
1.286500000000042405e+02 3.611070981486959926e-03 3.452808586383710983e-05
1.286750000000042462e+02 1.345433186591981495e-03 4.142613138972115784e-05
1.287000000000042519e+02 -1.142454477533031993e-03 4.868147967927589068e-05
1.287250000000042576e+02 -3.724086593488464686e-03 5.588180260837123946e-05
1.287500000000042633e+02 -6.266163073187266952e-03 6.261631045629967719e-05
1.287750000000042689e+02 -8.637311303663986264e-03 6.849647821363138956e-05
1.288000000000042746e+02 -1.071470988700579281e-02 7.317563897583485258e-05
1.288250000000042803e+02 -1.239028011137255011e-02 7.636645791291642735e-05
1.288500000000042860e+02 -1.357613314396269137e-02 7.785540766612777626e-05
1.288750000000042917e+02 -1.420899851402363488e-02 7.751351759673129165e-05
1.289000000000042974e+02 -1.425341085692052173e-02 7.530285747103572264e-05
1.289250000000043030e+02 -1.370349452548422567e-02 7.127843137782795345e-05
1.289500000000043087e+02 -1.258325638280445580e-02 6.558538911032447656e-05
1.289750000000043144e+02 -1.094537230556847165e-02 5.845169819944547718e-05
1.290000000000043201e+02 -8.868528856910532637e-03 5.017664841467947507e-05
1.290250000000043258e+02 -6.453454404883969195e-03 4.111577028614942197e-05
1.290500000000043315e+02 -3.817839997275550290e-03 3.166292953902683508e-05
1.290750000000043372e+02 -1.090406228364474393e-03 2.223050116749979572e-05
1.291000000000043428e+02 1.595584668754970823e-03 1.322862310013451922e-05
1.291250000000043485e+02 4.109044364330985584e-03 5.044575201727841105e-06
1.291500000000043542e+02 6.327663057720710887e-03 -1.976677568913768987e-06
1.291750000000043599e+02 8.144070292418205750e-03 -7.549798276157223933e-06
1.292000000000043656e+02 9.471241501476299757e-03 -1.146337640748349390e-05
1.292250000000043713e+02 1.024687790485688706e-02 -1.359049295512112032e-05
1.292500000000043769e+02 1.043653918284088815e-02 -1.389502208257893114e-05
1.292750000000043826e+02 1.003537126082783629e-02 -1.243335439035559224e-05
1.293000000000043883e+02 9.068342387107644620e-03 -9.351457640685689930e-06
1.293250000000043940e+02 7.588975894035322745e-03 -4.877425756576039927e-06
1.293500000000043997e+02 5.676643812491152796e-03 6.901058634356287850e-07
1.293750000000044054e+02 3.432558039771099224e-03 6.997092638192529818e-06
1.294000000000044110e+02 9.746613866336305320e-04 1.365199622645871702e-05
1.294250000000044167e+02 -1.568323756417734811e-03 2.024557882818859658e-05
1.294500000000044224e+02 -4.063388981679545188e-03 2.637157797380038313e-05
1.294750000000044281e+02 -6.379948229708038050e-03 3.164721963320224729e-05
1.295000000000044338e+02 -8.396422767575455193e-03 3.573253621630491551e-05
1.295250000000044395e+02 -1.000637087456056167e-02 3.834751685642871999e-05
1.295500000000044452e+02 -1.112385334386562126e-02 3.928622713653613142e-05
1.295750000000044508e+02 -1.168776448857560338e-02 3.842718860481318725e-05
1.296000000000044565e+02 -1.166491053769118033e-02 3.573949727697490575e-05
1.296250000000044622e+02 -1.105168049021869846e-02 3.128437529527360489e-05
1.296500000000044679e+02 -9.874225474592615570e-03 2.521208018237177111e-05
1.296750000000044736e+02 -8.187137858392822681e-03 1.775433006305436162e-05
1.297000000000044793e+02 -6.070696977488093497e-03 9.212629044727327295e-06
1.297250000000044849e+02 -3.626820592993218982e-03 -5.691671069409776670e-08
1.297500000000044906e+02 -9.739263974779739956e-04 -9.661525232398958236e-06
1.297750000000044963e+02 1.759037206602748985e-03 -1.919150258907104144e-05
1.298000000000045020e+02 4.439090009003394087e-03 -2.824084756716879012e-05
1.298250000000045077e+02 6.935920885668797782e-03 -3.642765862081825208e-05
1.298500000000045134e+02 9.128452877203520333e-03 -4.341331509179124025e-05
1.298750000000045191e+02 1.091094155566905630e-02 -4.891946705257633235e-05
1.299000000000045247e+02 1.219829937251417327e-02 -5.274197908003476769e-05
1.299250000000045304e+02 1.293037775545008601e-02 -5.476112723457813154e-05
1.299500000000045361e+02 1.307499131010222103e-02 -5.494753768845179451e-05
1.299750000000045418e+02 1.262953193015909151e-02 -5.336357028688105671e-05
1.300000000000045475e+02 1.162109172706067735e-02 -5.016007999149563304e-05
1.300250000000045532e+02 1.010508887140723622e-02 -4.556872206289310076e-05
1.300500000000045588e+02 8.162465902653589719e-03 -3.989019125558989644e-05
1.300750000000045645e+02 5.895602007483211754e-03 -3.347898993168999302e-05
1.301000000000045702e+02 3.423145564626306914e-03 -2.672549453194741136e-05
1.301250000000045759e+02 8.740276400413318769e-04 -2.003622551218994875e-05
1.301500000000045816e+02 -1.619041648141317409e-03 -1.381331584750180005e-05
1.301750000000045873e+02 -3.926265966697844133e-03 -8.434213010487301486e-06
1.302000000000045929e+02 -5.927307404230253152e-03 -4.232636968295458844e-06
1.302250000000045986e+02 -7.517353040801430866e-03 -1.481752874516109549e-06
1.302500000000046043e+02 -8.612397744383432432e-03 -3.804050014184115394e-07
1.302750000000046100e+02 -9.153477054417685776e-03 -1.043103736524112664e-06
1.303000000000046157e+02 -9.109636986504314818e-03 -3.494267982428475693e-06
1.303250000000046214e+02 -8.479491300944233534e-03 -7.667010616328731793e-06
1.303500000000046271e+02 -7.291288007858238301e-03 -1.340652560650747884e-05
1.303750000000046327e+02 -5.601482041161070721e-03 -2.047790351594451310e-05
1.304000000000046384e+02 -3.491886333444568866e-03 -2.857797910094690217e-05
1.304250000000046441e+02 -1.065545168160590694e-03 -3.735061180578883738e-05
1.304500000000046498e+02 1.558461936203684806e-03 -4.640462733217044165e-05
1.304750000000046555e+02 4.251023686828566718e-03 -5.533351484360192815e-05
1.305000000000046612e+02 6.879505053532431261e-03 -6.373588642325291335e-05
1.305250000000046668e+02 9.314431737409480452e-03 -7.123566757837732142e-05
1.305500000000046725e+02 1.143601409601026873e-02 -7.750100171880119676e-05
1.305750000000046782e+02 1.314018170689374744e-02 -8.226091691854121781e-05
1.306000000000046839e+02 1.434382448153551440e-02 -8.531891655351927779e-05
1.306250000000046896e+02 1.498897629492467951e-02 -8.656281086978847184e-05
1.306500000000046953e+02 1.504573045103646881e-02 -8.597029632031052504e-05
1.306750000000047010e+02 1.451374026870745279e-02 -8.361000402337328977e-05
1.307000000000047066e+02 1.342222941997276223e-02 -7.963796713464760507e-05
1.307250000000047123e+02 1.182851178577879955e-02 -7.428968775284964523e-05
1.307500000000047180e+02 9.815095724409483163e-03 -6.786820558415643690e-05
1.307750000000047237e+02 7.485518988770964444e-03 -6.072877179492997983e-05
1.308000000000047294e+02 4.959124484436522665e-03 -5.326090217903886083e-05
1.308250000000047351e+02 2.365040409018437286e-03 -4.586871535195105072e-05
1.308500000000047407e+02 -1.643316325397125395e-04 -3.895054757096438555e-05
1.308750000000047464e+02 -2.499992198861687026e-03 -3.287887165883277897e-05
1.309000000000047521e+02 -4.522846743222681820e-03 -2.798153159628583248e-05
1.309250000000047578e+02 -6.129707755498021646e-03 -2.452523747946137837e-05
1.309500000000047635e+02 -7.238493861339227731e-03 -2.270215112077904481e-05
1.309750000000047692e+02 -7.792363961583271409e-03 -2.262023637880849496e-05
1.310000000000047748e+02 -7.762578226087041462e-03 -2.429785824095458669e-05
1.310250000000047805e+02 -7.149941971151106516e-03 -2.766290034330242206e-05
1.310500000000047862e+02 -5.984759909443479811e-03 -3.255644281044100239e-05
1.310750000000047919e+02 -4.325303362523483415e-03 -3.874081251210733073e-05
1.311000000000047976e+02 -2.254867982388400038e-03 -4.591159764842802873e-05
1.311250000000048033e+02 1.224294384704951717e-04 -5.371301907427454802e-05
1.311500000000048090e+02 2.686902958774013001e-03 -6.175588200763151630e-05
1.311750000000048146e+02 5.309333345942279445e-03 -6.963720219220740531e-05
1.312000000000048203e+02 7.857483401695944045e-03 -7.696051674816146786e-05
1.312250000000048260e+02 1.020276424764573336e-02 -8.335585600915447349e-05
1.312500000000048317e+02 1.222671651591217268e-02 -8.849837031003872855e-05
1.312750000000048374e+02 1.382697978383399910e-02 -9.212467402737041749e-05
1.313000000000048431e+02 1.492244945002922478e-02 -9.404608472243943234e-05
1.313250000000048487e+02 1.545736126467717707e-02 -9.415809213494488500e-05
1.313500000000048544e+02 1.540409782994830827e-02 -9.244558210560650129e-05
1.313750000000048601e+02 1.476457584683656989e-02 -8.898355464969052726e-05
1.314000000000048658e+02 1.357014445161779277e-02 -8.393330257043998669e-05
1.314250000000048715e+02 1.188000004946034027e-02 -7.753424572441362892e-05
1.314500000000048772e+02 9.778197830232513571e-03 -7.009183482293229002e-05
1.314750000000048828e+02 7.369410873014518165e-03 -6.196213643487151208e-05
1.315000000000048885e+02 4.773650847069673027e-03 -5.353387772685430971e-05
1.315250000000048942e+02 2.120216618829988409e-03 -4.520885700548105785e-05
1.315500000000048999e+02 -4.588240574129399995e-04 -3.738170795184040030e-05
1.315750000000049056e+02 -2.835291109814850989e-03 -3.042003743495513317e-05
1.316000000000049113e+02 -4.891351418112383637e-03 -2.464593738773319595e-05
1.316250000000049170e+02 -6.525455228667127218e-03 -2.031980142792516245e-05
1.316500000000049226e+02 -7.657450579695889922e-03 -1.762726026244561370e-05
1.316750000000049283e+02 -8.232618091764062201e-03 -1.666989231024803889e-05
1.317000000000049340e+02 -8.224422948487696700e-03 -1.746017540676980648e-05
1.317250000000049397e+02 -7.635845593373796758e-03 -1.992093150841552692e-05
1.317500000000049454e+02 -6.499224337320124584e-03 -2.388928979833531045e-05
1.317750000000049511e+02 -4.874618093969104900e-03 -2.912496594253979562e-05
1.318000000000049567e+02 -2.846772054042344836e-03 -3.532243789037535926e-05
1.318250000000049624e+02 -5.208395155794391055e-04 -4.212640253858257493e-05
1.318500000000049681e+02 1.982924243891294805e-03 -4.914973263305147486e-05
1.318750000000049738e+02 4.535228392069459019e-03 -5.599302774802581860e-05
1.319000000000049795e+02 7.004267328876141382e-03 -6.226477339404516166e-05
1.319250000000049852e+02 9.262367056165307297e-03 -6.760109221743268372e-05
1.319500000000049909e+02 1.119242208267708441e-02 -7.168409238889801864e-05
1.319750000000049965e+02 1.269379843864783253e-02 -7.425788951623260776e-05
1.320000000000050022e+02 1.368740534767780292e-02 -7.514149615638547163e-05
1.320250000000050079e+02 1.411968006507509192e-02 -7.423793127766291019e-05
1.320500000000050136e+02 1.396528522411187405e-02 -7.153909283507932588e-05
1.320750000000050193e+02 1.322838296789060480e-02 -6.712615035250557257e-05
1.321000000000050250e+02 1.194242190994240609e-02 -6.116544024927395452e-05
1.321250000000050306e+02 1.016844794225947070e-02 -5.390007324774333583e-05
1.321500000000050363e+02 7.992024315506612506e-03 -4.563767910975915376e-05
1.321750000000050420e+02 5.518916502083255626e-03 -3.673490832746483626e-05
1.322000000000050477e+02 2.869759586628056400e-03 -2.757947342498876455e-05
1.322250000000050534e+02 1.739771748477683894e-04 -1.857063605562589694e-05
1.322500000000050591e+02 -2.436741510747151250e-03 -1.009912386153348470e-05
1.322750000000050647e+02 -4.835077467280264087e-03 -2.527489237308084274e-06
1.323000000000050704e+02 -6.904496168865890439e-03 3.828100695070050803e-06
1.323250000000050761e+02 -8.545116965932594497e-03 8.713726269127504293e-06
1.323500000000050818e+02 -9.678741873312803404e-03 1.195043178729991761e-05
1.323750000000050875e+02 -1.025279042231175275e-02 1.344315747850425609e-05
1.324000000000050932e+02 -1.024294244162736629e-02 1.318543905530577879e-05
1.324250000000050989e+02 -9.654355798735209798e-03 1.125964051445728255e-05
1.324500000000051045e+02 -8.521397990095304353e-03 7.832711006335817111e-06
1.324750000000051102e+02 -6.905905392272352131e-03 3.147682116462634022e-06
1.325000000000051159e+02 -4.894058199411306653e-03 -2.488663613291816431e-06
1.325250000000051216e+02 -2.592028834712815054e-03 -8.721329437365562260e-06
1.325500000000051273e+02 -1.206234191133804352e-04 -1.516506180311154271e-05
1.325750000000051330e+02 2.390813404336548063e-03 -2.142382225365997410e-05
1.326000000000051386e+02 4.810922910910567923e-03 -2.711079189873460854e-05
1.326250000000051443e+02 7.012957040143198879e-03 -3.186790024731032408e-05
1.326500000000051500e+02 8.881169493829275605e-03 -3.538389471667990492e-05
1.326750000000051557e+02 1.031665107312342705e-02 -3.741004122806427303e-05
1.327000000000051614e+02 1.124231521659229197e-02 -3.777266615170280672e-05
1.327250000000051671e+02 1.160678259218879405e-02 -3.638190946017962665e-05
1.327500000000051728e+02 1.138696913859816098e-02 -3.323625019324414519e-05
1.327750000000051784e+02 1.058924734333628950e-02 -2.842257858320752849e-05
1.328000000000051841e+02 9.249122488027639380e-03 -2.211181369687535044e-05
1.328250000000051898e+02 7.429440458149129574e-03 -1.455028987263007980e-05
1.328500000000051955e+02 5.217217730484830299e-03 -6.047348292168576446e-06
1.328750000000052012e+02 2.719253586259200942e-03 3.040239031595857976e-06
1.329000000000052069e+02 5.674595180590077774e-05 1.232622632145011491e-05
1.329250000000052125e+02 -2.640817548934230700e-03 2.141432611502454370e-05
1.329500000000052182e+02 -5.242185262684640433e-03 2.991813650594192316e-05
1.329750000000052239e+02 -7.620954880838436141e-03 3.748055930268549179e-05
1.330000000000052296e+02 -9.661941145006864434e-03 4.379173107240706073e-05
1.330250000000052353e+02 -1.126697695606486763e-02 4.860456451921036676e-05
1.330500000000052410e+02 -1.235985557923412886e-02 5.174711854535257521e-05
1.330750000000052466e+02 -1.289016498736952378e-02 5.313117557219393280e-05
1.331000000000052523e+02 -1.283582127516769665e-02 5.275659612956641316e-05
1.331250000000052580e+02 -1.220417368904169048e-02 5.071123372242728584e-05
1.331500000000052637e+02 -1.103162584162931288e-02 4.716641678980111298e-05
1.331750000000052694e+02 -9.381792484796501463e-03 4.236822791124452873e-05
1.332000000000052751e+02 -7.342285029202069192e-03 3.662502203095777624e-05
1.332250000000052808e+02 -5.020288101486905172e-03 3.029181471118307423e-05
1.332500000000052864e+02 -2.537150339722894082e-03 2.375232877289651341e-05
1.332750000000052921e+02 -2.226227490653828658e-05 1.739960520461231679e-05
1.333000000000052978e+02 2.393469969161747014e-03 1.161615605955456497e-05
1.333250000000053035e+02 4.584226109708774456e-03 6.754659578904252147e-06
1.333500000000053092e+02 6.435615499101698771e-03 3.120169898769342735e-06
1.333750000000053149e+02 7.850443555130180023e-03 9.547368439992880403e-07
1.334000000000053205e+02 8.753610266341098692e-03 4.252093813671568717e-07
1.334250000000053262e+02 9.095894015202398569e-03 1.614835464079076332e-06
1.334500000000053319e+02 8.856430195829788354e-03 4.519079382756660910e-06
1.334750000000053376e+02 8.043759929965605543e-03 9.045865012296999187e-06
1.335000000000053433e+02 6.695396285190930927e-03 1.502023023479536730e-05
1.335250000000053490e+02 4.875930137304231894e-03 2.219315557513742418e-05
1.335500000000053547e+02 2.673771426584232482e-03 3.025411991641734709e-05
1.335750000000053603e+02 1.966903252890730915e-04 3.884674861982276262e-05
1.336000000000053660e+02 -2.433616704303298399e-03 4.758676393725184468e-05
1.336250000000053717e+02 -5.087661871927372584e-03 5.608133204143442123e-05
1.336500000000053774e+02 -7.634692667073080148e-03 6.394883114145462908e-05
1.336750000000053831e+02 -9.949281054301048824e-03 7.083804448764458126e-05
1.337000000000053888e+02 -1.191764310469461963e-02 7.644581159830168425e-05
1.337250000000053944e+02 -1.344337056196857547e-02 8.053224926356080868e-05
1.337500000000054001e+02 -1.445228554383579805e-02 8.293277682078175727e-05
1.337750000000054058e+02 -1.489617383316775914e-02 8.356634163663158809e-05
1.338000000000054115e+02 -1.475520878598495997e-02 8.243943251218042295e-05
1.338250000000054172e+02 -1.403894392028771400e-02 7.964568117817304518e-05
1.338500000000054229e+02 -1.278582442080072185e-02 7.536107443960142743e-05
1.338750000000054285e+02 -1.106124246080271260e-02 6.983502067291689466e-05
1.339000000000054342e+02 -8.954234639107810229e-03 6.337772310513509579e-05
1.339250000000054399e+02 -6.572988258614242962e-03 5.634449813122162273e-05
1.339500000000054456e+02 -4.039383184217391898e-03 4.911783048535983443e-05
1.339750000000054513e+02 -1.482844588933041096e-03 4.208807066053972361e-05
1.340000000000054570e+02 9.661834183852030175e-04 3.563374787894239203e-05
1.340250000000054627e+02 3.182814238082556663e-03 3.010249072721391068e-05
1.340500000000054683e+02 5.054013789307459231e-03 2.579351641565056659e-05
1.340750000000054740e+02 6.484296824100219993e-03 2.294257003374385541e-05
1.341000000000054797e+02 7.400537523590031141e-03 2.171007125550633799e-05
1.341250000000054854e+02 7.755652053687483310e-03 2.217306391336708058e-05
1.341500000000054911e+02 7.530967663929975624e-03 2.432137193020420462e-05
1.341750000000054968e+02 6.737159155039782604e-03 2.805815294035004918e-05
1.342000000000055024e+02 5.413705777439625257e-03 3.320481925453286153e-05
1.342250000000055081e+02 3.626896212256023634e-03 3.951007579726468415e-05
1.342500000000055138e+02 1.466482467905286854e-03 4.666261735871798146e-05
1.342750000000055195e+02 -9.588483895051649842e-04 5.430684339007684359e-05
1.343000000000055252e+02 -3.526956195748266916e-03 6.206079689323386762e-05
1.343250000000055309e+02 -6.108406831822517369e-03 6.953542234306457810e-05
1.343500000000055365e+02 -8.572997961565695726e-03 7.635417162527239200e-05
1.343750000000055422e+02 -1.079632235291991607e-02 8.217196998120251939e-05
1.344000000000055479e+02 -1.266603793894908146e-02 8.669258674648008627e-05
1.344250000000055536e+02 -1.408752861863592568e-02 8.968353657054032040e-05
1.344500000000055593e+02 -1.498867056699417465e-02 9.098776172179881072e-05
1.344750000000055650e+02 -1.532346396571190004e-02 9.053150866962161934e-05
1.345000000000055707e+02 -1.507434730067557134e-02 8.832800421331076987e-05
1.345250000000055763e+02 -1.425307781441547197e-02 8.447674827842980108e-05
1.345500000000055820e+02 -1.290013399877761036e-02 7.915846144788827232e-05
1.345750000000055877e+02 -1.108267052069921051e-02 7.262594420419858198e-05
1.346000000000055934e+02 -8.891128935555598148e-03 6.519131069583630690e-05
1.346250000000055991e+02 -6.434675280906825522e-03 5.721024224727678614e-05
1.346500000000056048e+02 -3.835694744985376076e-03 4.906405562943539435e-05
1.346750000000056104e+02 -1.223621091361728553e-03 4.114049075841139623e-05
1.347000000000056161e+02 1.271587997478063493e-03 3.381418651121206534e-05
1.347250000000056218e+02 3.526000704639606700e-03 2.742782852205333610e-05
1.347500000000056275e+02 5.427955832822723044e-03 2.227491841011075595e-05
1.347750000000056332e+02 6.883687806276322929e-03 1.858503167791234720e-05
1.348000000000056389e+02 7.822048497327668479e-03 1.651230564038210375e-05
1.348250000000056446e+02 8.198088033079009226e-03 1.612773559943182062e-05
1.348500000000056502e+02 7.995314297224904304e-03 1.741566527380255746e-05
1.348750000000056559e+02 7.226517478398449337e-03 2.027464596892461070e-05
1.349000000000056616e+02 5.933118369105004619e-03 2.452261875418255816e-05
1.349250000000056673e+02 4.183073540145384843e-03 2.990615613395290536e-05
1.349500000000056730e+02 2.067443252806004834e-03 3.611329531220607659e-05
1.349750000000056787e+02 -3.042046412196541729e-04 4.278931445495420859e-05
